{
    "device": "cuda",
    "generator_seed": 0,
    "pipeline": {
        "_class_name": "dwm.pipelines.ctsd.CrossviewTemporalSD",
        "common_config": {
            "disable_crossview": false,
            "disable_temporal": false,
            "condition_on_all_frames": true,
            "added_time_ids": "fps_camera_transforms",
            "camera_intrinsic_embedding_indices": [
                0, 4, 2, 5
            ],
            "camera_intrinsic_denom_embedding_indices": [
                1, 1, 0, 1
            ],
            "camera_transform_embedding_indices": [
                2, 6, 10, 3, 7, 11
            ],
            "autocast": {
                "device_type": "cuda"
            },
            "text_encoder_load_args": {
                "variant": "fp16",
                "torch_dtype": {
                    "_class_name": "get_class",
                    "class_name": "torch.float16"
                }
            },
            "memory_efficient_batch": 12
        },
        "training_config": {},
        "inference_config": {
            "guidance_scale": 4,
            "inference_steps": 40,
            "preview_image_size": [
                448, 252
            ],
            "sequence_length_per_iteration": 19,
            "reference_frame_count": 3,
            "autoregression_data_exception_for_take_sequence": [
                "crossview_mask"
            ]
        },
        "model": {
            "_class_name": "dwm.models.crossview_temporal_dit.DiTCrossviewTemporalConditionModel",
            "dual_attention_layers": [
                0,
                1,
                2,
                3,
                4,
                5,
                6,
                7,
                8,
                9,
                10,
                11,
                12
            ],
            "attention_head_dim": 64,
            "caption_projection_dim": 1536,
            "in_channels": 16,
            "joint_attention_dim": 4096,
            "num_attention_heads": 24,
            "num_layers": 24,
            "out_channels": 16,
            "patch_size": 2,
            "pooled_projection_dim": 2048,
            "pos_embed_max_size": 384,
            "qk_norm": "rms_norm",
            "qk_norm_on_additional_modules": "rms_norm",
            "sample_size": 128,
            "perspective_modeling_type": "implicit",
            "projection_class_embeddings_input_dim": 2816,
            "enable_crossview": true,
            "crossview_attention_type": "rowwise",
            "crossview_block_layers": [
                1,
                5,
                9,
                13,
                17,
                21
            ],
            "crossview_gradient_checkpointing": true,
            "enable_temporal": true,
            "temporal_attention_type": "rowwise",
            "temporal_block_layers": [
                2,
                3,
                6,
                7,
                10,
                11,
                14,
                15,
                18,
                19,
                22,
                23
            ],
            "temporal_gradient_checkpointing": true,
            "mixer_type": "AlphaBlender",
            "merge_factor": 2
        },
        "pretrained_model_name_or_path": "/cache/aoss.cn-sh-01.sensecoreapi-oss.cn/users/wuzehuan/models/stable-diffusion-3.5-medium",
        "model_checkpoint_path": "/mnt/afs/user/wuzehuan/Tasks/ctsd_35_tirda_nwao/checkpoints/20000.pth",
        "model_load_state_args": {}
    },
    "inputs": [
        {
            "latent_shape": [
                1, 35, 6, 16, 32, 56
            ],
            "batch": {
                "fps": [10.0],
                "pts": [
                    [
                        [0.0, 8.0, 16.0, 23.0, 33.0, 43.0],
                        [100.0, 108.0, 116.0, 123.0, 133.0, 143.0],
                        [150.0, 158.0, 166.0, 173.0, 183.0, 193.0],
                        [250.0, 258.0, 266.0, 273.0, 283.0, 293.0],
                        [400.0, 408.0, 416.0, 423.0, 383.0, 393.0],
                        [500.0, 508.0, 516.0, 523.0, 533.0, 543.0],
                        [600.0, 608.0, 616.0, 623.0, 633.0, 543.0],
                        [650.0, 658.0, 766.0, 673.0, 683.0, 693.0],
                        [750.0, 758.0, 766.0, 773.0, 783.0, 793.0],
                        [900.0, 908.0, 916.0, 923.0, 883.0, 893.0],
                        [1000.0, 1008.0, 1016.0, 1023.0, 1033.0, 1043.0],
                        [1100.0, 1108.0, 1116.0, 1123.0, 1133.0, 1143.0],
                        [1150.0, 1158.0, 1166.0, 1173.0, 1133.0, 1193.0],
                        [1250.0, 1258.0, 1266.0, 1273.0, 1283.0, 1393.0],
                        [1400.0, 1408.0, 1416.0, 1423.0, 1383.0, 1393.0],
                        [1500.0, 1508.0, 1516.0, 1523.0, 1533.0, 1543.0],
                        [1600.0, 1608.0, 1616.0, 1623.0, 1633.0, 1643.0],
                        [1650.0, 1658.0, 1666.0, 1673.0, 1683.0, 1693.0],
                        [1750.0, 1758.0, 1766.0, 1773.0, 1783.0, 1793.0],
                        [1900.0, 1908.0, 1866.0, 1923.0, 1883.0, 1893.0],
                        [2000.0, 2008.0, 2016.0, 2023.0, 2033.0, 2043.0],
                        [2100.0, 2108.0, 2116.0, 2123.0, 2133.0, 2143.0],
                        [2150.0, 2158.0, 2166.0, 2173.0, 2183.0, 2193.0],
                        [2250.0, 2258.0, 2266.0, 2273.0, 2283.0, 2293.0],
                        [2400.0, 2408.0, 2416.0, 2423.0, 2383.0, 2393.0],
                        [2500.0, 2508.0, 2516.0, 2523.0, 2533.0, 2543.0],
                        [2600.0, 2608.0, 2616.0, 2623.0, 2633.0, 2643.0],
                        [2650.0, 2658.0, 2666.0, 2673.0, 2683.0, 2693.0],
                        [2750.0, 2758.0, 2766.0, 2773.0, 2783.0, 2793.0],
                        [2900.0, 2908.0, 2916.0, 2923.0, 2933.0, 2893.0],
                        [3000.0, 3008.0, 3016.0, 3023.0, 3033.0, 3043.0],
                        [3100.0, 3108.0, 3116.0, 3123.0, 3133.0, 3043.0],
                        [3150.0, 3158.0, 3166.0, 3173.0, 3183.0, 3193.0],
                        [3250.0, 3258.0, 3266.0, 3273.0, 3283.0, 3293.0],
                        [3400.0, 3408.0, 3416.0, 3423.0, 3433.0, 3443.0]
                    ]
                ],
                "camera_transforms": [
                    [
                        [
                            [
                                [0.8225460648536682, 0.006478320807218552, 0.568661630153656, 1.5752559900283813],
                                [-0.5686843395233154, 0.016434065997600555, 0.8223916888237, 0.5005193948745728],
                                [-0.004017705097794533, -0.999843955039978, 0.017201894894242287, 1.5069602727890015],
                                [0.0, 0.0, 0.0, 1.0]
                            ],
                            [
                                [0.010260207578539848, 0.008433448150753975, 0.9999117851257324, 1.7220057249069214],
                                [-0.9998725652694702, 0.012316255830228329, 0.010155927389860153, 0.004754533059895039],
                                [-0.01222951989620924, -0.9998885989189148, 0.008558740839362144, 1.49491286277771],
                                [0.0, 0.0, 0.0, 1.0]
                            ],
                            [
                                [-0.8439797163009644, 0.01645551435649395, 0.5361226201057434, 1.580825686454773],
                                [-0.5361413955688477, 0.003621074603870511, -0.844120442867279, -0.4990787208080292],
                                [-0.015831775963306427, -0.999858021736145, 0.005766368471086025, 1.517493724822998],
                                [0.0, 0.0, 0.0, 1.0]
                            ],
                            [
                                [-0.9237360954284668, -0.002603030065074563, -0.3830206096172333, 1.059451699256897],
                                [0.3830243647098541, -0.011446056887507439, -0.923667311668396, -0.46720296144485474],
                                [-0.0019797419663518667, -0.9999310970306396, 0.011570160277187824, 1.5505086183547974],
                                [0.0, 0.0, 0.0, 1.0]
                            ],
                            [
                                [0.00921541079878807, -0.006800496950745583, -0.9999344348907471, 0.05524611100554466],
                                [0.9998947978019714, 0.011264881119132042, 0.009138433262705803, 0.010788236744701862],
                                [0.011201996356248856, -0.9999133944511414, 0.0069035920314490795, 1.5679428577423096],
                                [0.0, 0.0, 0.0, 1.0]
                            ],
                            [
                                [0.9478787183761597, -0.0089232437312603, -0.3185064196586609, 1.0485204458236694],
                                [0.31862178444862366, 0.018789710476994514, 0.9476956725120544, 0.4830581247806549],
                                [-0.0024718763306736946, -0.9997836351394653, 0.020653506740927696, 1.5621016025543213],
                                [0.0, 0.0, 0.0, 1.0]
                            ]
                        ],
                        [
                            [
                                [0.8225460648536682, 0.006478320807218552, 0.568661630153656, 1.5752559900283813],
                                [-0.5686843395233154, 0.016434065997600555, 0.8223916888237, 0.5005193948745728],
                                [-0.004017705097794533, -0.999843955039978, 0.017201894894242287, 1.5069602727890015],
                                [0.0, 0.0, 0.0, 1.0]
                            ],
                            [
                                [0.010260207578539848, 0.008433448150753975, 0.9999117851257324, 1.7220057249069214],
                                [-0.9998725652694702, 0.012316255830228329, 0.010155927389860153, 0.004754533059895039],
                                [-0.01222951989620924, -0.9998885989189148, 0.008558740839362144, 1.49491286277771],
                                [0.0, 0.0, 0.0, 1.0]
                            ],
                            [
                                [-0.8439797163009644, 0.01645551435649395, 0.5361226201057434, 1.580825686454773],
                                [-0.5361413955688477, 0.003621074603870511, -0.844120442867279, -0.4990787208080292],
                                [-0.015831775963306427, -0.999858021736145, 0.005766368471086025, 1.517493724822998],
                                [0.0, 0.0, 0.0, 1.0]
                            ],
                            [
                                [-0.9237360954284668, -0.002603030065074563, -0.3830206096172333, 1.059451699256897],
                                [0.3830243647098541, -0.011446056887507439, -0.923667311668396, -0.46720296144485474],
                                [-0.0019797419663518667, -0.9999310970306396, 0.011570160277187824, 1.5505086183547974],
                                [0.0, 0.0, 0.0, 1.0]
                            ],
                            [
                                [0.00921541079878807, -0.006800496950745583, -0.9999344348907471, 0.05524611100554466],
                                [0.9998947978019714, 0.011264881119132042, 0.009138433262705803, 0.010788236744701862],
                                [0.011201996356248856, -0.9999133944511414, 0.0069035920314490795, 1.5679428577423096],
                                [0.0, 0.0, 0.0, 1.0]
                            ],
                            [
                                [0.9478787183761597, -0.0089232437312603, -0.3185064196586609, 1.0485204458236694],
                                [0.31862178444862366, 0.018789710476994514, 0.9476956725120544, 0.4830581247806549],
                                [-0.0024718763306736946, -0.9997836351394653, 0.020653506740927696, 1.5621016025543213],
                                [0.0, 0.0, 0.0, 1.0]
                            ]
                        ],
                        [
                            [
                                [0.8225460648536682, 0.006478320807218552, 0.568661630153656, 1.5752559900283813],
                                [-0.5686843395233154, 0.016434065997600555, 0.8223916888237, 0.5005193948745728],
                                [-0.004017705097794533, -0.999843955039978, 0.017201894894242287, 1.5069602727890015],
                                [0.0, 0.0, 0.0, 1.0]
                            ],
                            [
                                [0.010260207578539848, 0.008433448150753975, 0.9999117851257324, 1.7220057249069214],
                                [-0.9998725652694702, 0.012316255830228329, 0.010155927389860153, 0.004754533059895039],
                                [-0.01222951989620924, -0.9998885989189148, 0.008558740839362144, 1.49491286277771],
                                [0.0, 0.0, 0.0, 1.0]
                            ],
                            [
                                [-0.8439797163009644, 0.01645551435649395, 0.5361226201057434, 1.580825686454773],
                                [-0.5361413955688477, 0.003621074603870511, -0.844120442867279, -0.4990787208080292],
                                [-0.015831775963306427, -0.999858021736145, 0.005766368471086025, 1.517493724822998],
                                [0.0, 0.0, 0.0, 1.0]
                            ],
                            [
                                [-0.9237360954284668, -0.002603030065074563, -0.3830206096172333, 1.059451699256897],
                                [0.3830243647098541, -0.011446056887507439, -0.923667311668396, -0.46720296144485474],
                                [-0.0019797419663518667, -0.9999310970306396, 0.011570160277187824, 1.5505086183547974],
                                [0.0, 0.0, 0.0, 1.0]
                            ],
                            [
                                [0.00921541079878807, -0.006800496950745583, -0.9999344348907471, 0.05524611100554466],
                                [0.9998947978019714, 0.011264881119132042, 0.009138433262705803, 0.010788236744701862],
                                [0.011201996356248856, -0.9999133944511414, 0.0069035920314490795, 1.5679428577423096],
                                [0.0, 0.0, 0.0, 1.0]
                            ],
                            [
                                [0.9478787183761597, -0.0089232437312603, -0.3185064196586609, 1.0485204458236694],
                                [0.31862178444862366, 0.018789710476994514, 0.9476956725120544, 0.4830581247806549],
                                [-0.0024718763306736946, -0.9997836351394653, 0.020653506740927696, 1.5621016025543213],
                                [0.0, 0.0, 0.0, 1.0]
                            ]
                        ],
                        [
                            [
                                [0.8225460648536682, 0.006478320807218552, 0.568661630153656, 1.5752559900283813],
                                [-0.5686843395233154, 0.016434065997600555, 0.8223916888237, 0.5005193948745728],
                                [-0.004017705097794533, -0.999843955039978, 0.017201894894242287, 1.5069602727890015],
                                [0.0, 0.0, 0.0, 1.0]
                            ],
                            [
                                [0.010260207578539848, 0.008433448150753975, 0.9999117851257324, 1.7220057249069214],
                                [-0.9998725652694702, 0.012316255830228329, 0.010155927389860153, 0.004754533059895039],
                                [-0.01222951989620924, -0.9998885989189148, 0.008558740839362144, 1.49491286277771],
                                [0.0, 0.0, 0.0, 1.0]
                            ],
                            [
                                [-0.8439797163009644, 0.01645551435649395, 0.5361226201057434, 1.580825686454773],
                                [-0.5361413955688477, 0.003621074603870511, -0.844120442867279, -0.4990787208080292],
                                [-0.015831775963306427, -0.999858021736145, 0.005766368471086025, 1.517493724822998],
                                [0.0, 0.0, 0.0, 1.0]
                            ],
                            [
                                [-0.9237360954284668, -0.002603030065074563, -0.3830206096172333, 1.059451699256897],
                                [0.3830243647098541, -0.011446056887507439, -0.923667311668396, -0.46720296144485474],
                                [-0.0019797419663518667, -0.9999310970306396, 0.011570160277187824, 1.5505086183547974],
                                [0.0, 0.0, 0.0, 1.0]
                            ],
                            [
                                [0.00921541079878807, -0.006800496950745583, -0.9999344348907471, 0.05524611100554466],
                                [0.9998947978019714, 0.011264881119132042, 0.009138433262705803, 0.010788236744701862],
                                [0.011201996356248856, -0.9999133944511414, 0.0069035920314490795, 1.5679428577423096],
                                [0.0, 0.0, 0.0, 1.0]
                            ],
                            [
                                [0.9478787183761597, -0.0089232437312603, -0.3185064196586609, 1.0485204458236694],
                                [0.31862178444862366, 0.018789710476994514, 0.9476956725120544, 0.4830581247806549],
                                [-0.0024718763306736946, -0.9997836351394653, 0.020653506740927696, 1.5621016025543213],
                                [0.0, 0.0, 0.0, 1.0]
                            ]
                        ],
                        [
                            [
                                [0.8225460648536682, 0.006478320807218552, 0.568661630153656, 1.5752559900283813],
                                [-0.5686843395233154, 0.016434065997600555, 0.8223916888237, 0.5005193948745728],
                                [-0.004017705097794533, -0.999843955039978, 0.017201894894242287, 1.5069602727890015],
                                [0.0, 0.0, 0.0, 1.0]
                            ],
                            [
                                [0.010260207578539848, 0.008433448150753975, 0.9999117851257324, 1.7220057249069214],
                                [-0.9998725652694702, 0.012316255830228329, 0.010155927389860153, 0.004754533059895039],
                                [-0.01222951989620924, -0.9998885989189148, 0.008558740839362144, 1.49491286277771],
                                [0.0, 0.0, 0.0, 1.0]
                            ],
                            [
                                [-0.8439797163009644, 0.01645551435649395, 0.5361226201057434, 1.580825686454773],
                                [-0.5361413955688477, 0.003621074603870511, -0.844120442867279, -0.4990787208080292],
                                [-0.015831775963306427, -0.999858021736145, 0.005766368471086025, 1.517493724822998],
                                [0.0, 0.0, 0.0, 1.0]
                            ],
                            [
                                [-0.9237360954284668, -0.002603030065074563, -0.3830206096172333, 1.059451699256897],
                                [0.3830243647098541, -0.011446056887507439, -0.923667311668396, -0.46720296144485474],
                                [-0.0019797419663518667, -0.9999310970306396, 0.011570160277187824, 1.5505086183547974],
                                [0.0, 0.0, 0.0, 1.0]
                            ],
                            [
                                [0.00921541079878807, -0.006800496950745583, -0.9999344348907471, 0.05524611100554466],
                                [0.9998947978019714, 0.011264881119132042, 0.009138433262705803, 0.010788236744701862],
                                [0.011201996356248856, -0.9999133944511414, 0.0069035920314490795, 1.5679428577423096],
                                [0.0, 0.0, 0.0, 1.0]
                            ],
                            [
                                [0.9478787183761597, -0.0089232437312603, -0.3185064196586609, 1.0485204458236694],
                                [0.31862178444862366, 0.018789710476994514, 0.9476956725120544, 0.4830581247806549],
                                [-0.0024718763306736946, -0.9997836351394653, 0.020653506740927696, 1.5621016025543213],
                                [0.0, 0.0, 0.0, 1.0]
                            ]
                        ],
                        [
                            [
                                [0.8225460648536682, 0.006478320807218552, 0.568661630153656, 1.5752559900283813],
                                [-0.5686843395233154, 0.016434065997600555, 0.8223916888237, 0.5005193948745728],
                                [-0.004017705097794533, -0.999843955039978, 0.017201894894242287, 1.5069602727890015],
                                [0.0, 0.0, 0.0, 1.0]
                            ],
                            [
                                [0.010260207578539848, 0.008433448150753975, 0.9999117851257324, 1.7220057249069214],
                                [-0.9998725652694702, 0.012316255830228329, 0.010155927389860153, 0.004754533059895039],
                                [-0.01222951989620924, -0.9998885989189148, 0.008558740839362144, 1.49491286277771],
                                [0.0, 0.0, 0.0, 1.0]
                            ],
                            [
                                [-0.8439797163009644, 0.01645551435649395, 0.5361226201057434, 1.580825686454773],
                                [-0.5361413955688477, 0.003621074603870511, -0.844120442867279, -0.4990787208080292],
                                [-0.015831775963306427, -0.999858021736145, 0.005766368471086025, 1.517493724822998],
                                [0.0, 0.0, 0.0, 1.0]
                            ],
                            [
                                [-0.9237360954284668, -0.002603030065074563, -0.3830206096172333, 1.059451699256897],
                                [0.3830243647098541, -0.011446056887507439, -0.923667311668396, -0.46720296144485474],
                                [-0.0019797419663518667, -0.9999310970306396, 0.011570160277187824, 1.5505086183547974],
                                [0.0, 0.0, 0.0, 1.0]
                            ],
                            [
                                [0.00921541079878807, -0.006800496950745583, -0.9999344348907471, 0.05524611100554466],
                                [0.9998947978019714, 0.011264881119132042, 0.009138433262705803, 0.010788236744701862],
                                [0.011201996356248856, -0.9999133944511414, 0.0069035920314490795, 1.5679428577423096],
                                [0.0, 0.0, 0.0, 1.0]
                            ],
                            [
                                [0.9478787183761597, -0.0089232437312603, -0.3185064196586609, 1.0485204458236694],
                                [0.31862178444862366, 0.018789710476994514, 0.9476956725120544, 0.4830581247806549],
                                [-0.0024718763306736946, -0.9997836351394653, 0.020653506740927696, 1.5621016025543213],
                                [0.0, 0.0, 0.0, 1.0]
                            ]
                        ],
                        [
                            [
                                [0.8225460648536682, 0.006478320807218552, 0.568661630153656, 1.5752559900283813],
                                [-0.5686843395233154, 0.016434065997600555, 0.8223916888237, 0.5005193948745728],
                                [-0.004017705097794533, -0.999843955039978, 0.017201894894242287, 1.5069602727890015],
                                [0.0, 0.0, 0.0, 1.0]
                            ],
                            [
                                [0.010260207578539848, 0.008433448150753975, 0.9999117851257324, 1.7220057249069214],
                                [-0.9998725652694702, 0.012316255830228329, 0.010155927389860153, 0.004754533059895039],
                                [-0.01222951989620924, -0.9998885989189148, 0.008558740839362144, 1.49491286277771],
                                [0.0, 0.0, 0.0, 1.0]
                            ],
                            [
                                [-0.8439797163009644, 0.01645551435649395, 0.5361226201057434, 1.580825686454773],
                                [-0.5361413955688477, 0.003621074603870511, -0.844120442867279, -0.4990787208080292],
                                [-0.015831775963306427, -0.999858021736145, 0.005766368471086025, 1.517493724822998],
                                [0.0, 0.0, 0.0, 1.0]
                            ],
                            [
                                [-0.9237360954284668, -0.002603030065074563, -0.3830206096172333, 1.059451699256897],
                                [0.3830243647098541, -0.011446056887507439, -0.923667311668396, -0.46720296144485474],
                                [-0.0019797419663518667, -0.9999310970306396, 0.011570160277187824, 1.5505086183547974],
                                [0.0, 0.0, 0.0, 1.0]
                            ],
                            [
                                [0.00921541079878807, -0.006800496950745583, -0.9999344348907471, 0.05524611100554466],
                                [0.9998947978019714, 0.011264881119132042, 0.009138433262705803, 0.010788236744701862],
                                [0.011201996356248856, -0.9999133944511414, 0.0069035920314490795, 1.5679428577423096],
                                [0.0, 0.0, 0.0, 1.0]
                            ],
                            [
                                [0.9478787183761597, -0.0089232437312603, -0.3185064196586609, 1.0485204458236694],
                                [0.31862178444862366, 0.018789710476994514, 0.9476956725120544, 0.4830581247806549],
                                [-0.0024718763306736946, -0.9997836351394653, 0.020653506740927696, 1.5621016025543213],
                                [0.0, 0.0, 0.0, 1.0]
                            ]
                        ],
                        [
                            [
                                [0.8225460648536682, 0.006478320807218552, 0.568661630153656, 1.5752559900283813],
                                [-0.5686843395233154, 0.016434065997600555, 0.8223916888237, 0.5005193948745728],
                                [-0.004017705097794533, -0.999843955039978, 0.017201894894242287, 1.5069602727890015],
                                [0.0, 0.0, 0.0, 1.0]
                            ],
                            [
                                [0.010260207578539848, 0.008433448150753975, 0.9999117851257324, 1.7220057249069214],
                                [-0.9998725652694702, 0.012316255830228329, 0.010155927389860153, 0.004754533059895039],
                                [-0.01222951989620924, -0.9998885989189148, 0.008558740839362144, 1.49491286277771],
                                [0.0, 0.0, 0.0, 1.0]
                            ],
                            [
                                [-0.8439797163009644, 0.01645551435649395, 0.5361226201057434, 1.580825686454773],
                                [-0.5361413955688477, 0.003621074603870511, -0.844120442867279, -0.4990787208080292],
                                [-0.015831775963306427, -0.999858021736145, 0.005766368471086025, 1.517493724822998],
                                [0.0, 0.0, 0.0, 1.0]
                            ],
                            [
                                [-0.9237360954284668, -0.002603030065074563, -0.3830206096172333, 1.059451699256897],
                                [0.3830243647098541, -0.011446056887507439, -0.923667311668396, -0.46720296144485474],
                                [-0.0019797419663518667, -0.9999310970306396, 0.011570160277187824, 1.5505086183547974],
                                [0.0, 0.0, 0.0, 1.0]
                            ],
                            [
                                [0.00921541079878807, -0.006800496950745583, -0.9999344348907471, 0.05524611100554466],
                                [0.9998947978019714, 0.011264881119132042, 0.009138433262705803, 0.010788236744701862],
                                [0.011201996356248856, -0.9999133944511414, 0.0069035920314490795, 1.5679428577423096],
                                [0.0, 0.0, 0.0, 1.0]
                            ],
                            [
                                [0.9478787183761597, -0.0089232437312603, -0.3185064196586609, 1.0485204458236694],
                                [0.31862178444862366, 0.018789710476994514, 0.9476956725120544, 0.4830581247806549],
                                [-0.0024718763306736946, -0.9997836351394653, 0.020653506740927696, 1.5621016025543213],
                                [0.0, 0.0, 0.0, 1.0]
                            ]
                        ],
                        [
                            [
                                [0.8225460648536682, 0.006478320807218552, 0.568661630153656, 1.5752559900283813],
                                [-0.5686843395233154, 0.016434065997600555, 0.8223916888237, 0.5005193948745728],
                                [-0.004017705097794533, -0.999843955039978, 0.017201894894242287, 1.5069602727890015],
                                [0.0, 0.0, 0.0, 1.0]
                            ],
                            [
                                [0.010260207578539848, 0.008433448150753975, 0.9999117851257324, 1.7220057249069214],
                                [-0.9998725652694702, 0.012316255830228329, 0.010155927389860153, 0.004754533059895039],
                                [-0.01222951989620924, -0.9998885989189148, 0.008558740839362144, 1.49491286277771],
                                [0.0, 0.0, 0.0, 1.0]
                            ],
                            [
                                [-0.8439797163009644, 0.01645551435649395, 0.5361226201057434, 1.580825686454773],
                                [-0.5361413955688477, 0.003621074603870511, -0.844120442867279, -0.4990787208080292],
                                [-0.015831775963306427, -0.999858021736145, 0.005766368471086025, 1.517493724822998],
                                [0.0, 0.0, 0.0, 1.0]
                            ],
                            [
                                [-0.9237360954284668, -0.002603030065074563, -0.3830206096172333, 1.059451699256897],
                                [0.3830243647098541, -0.011446056887507439, -0.923667311668396, -0.46720296144485474],
                                [-0.0019797419663518667, -0.9999310970306396, 0.011570160277187824, 1.5505086183547974],
                                [0.0, 0.0, 0.0, 1.0]
                            ],
                            [
                                [0.00921541079878807, -0.006800496950745583, -0.9999344348907471, 0.05524611100554466],
                                [0.9998947978019714, 0.011264881119132042, 0.009138433262705803, 0.010788236744701862],
                                [0.011201996356248856, -0.9999133944511414, 0.0069035920314490795, 1.5679428577423096],
                                [0.0, 0.0, 0.0, 1.0]
                            ],
                            [
                                [0.9478787183761597, -0.0089232437312603, -0.3185064196586609, 1.0485204458236694],
                                [0.31862178444862366, 0.018789710476994514, 0.9476956725120544, 0.4830581247806549],
                                [-0.0024718763306736946, -0.9997836351394653, 0.020653506740927696, 1.5621016025543213],
                                [0.0, 0.0, 0.0, 1.0]
                            ]
                        ],
                        [
                            [
                                [0.8225460648536682, 0.006478320807218552, 0.568661630153656, 1.5752559900283813],
                                [-0.5686843395233154, 0.016434065997600555, 0.8223916888237, 0.5005193948745728],
                                [-0.004017705097794533, -0.999843955039978, 0.017201894894242287, 1.5069602727890015],
                                [0.0, 0.0, 0.0, 1.0]
                            ],
                            [
                                [0.010260207578539848, 0.008433448150753975, 0.9999117851257324, 1.7220057249069214],
                                [-0.9998725652694702, 0.012316255830228329, 0.010155927389860153, 0.004754533059895039],
                                [-0.01222951989620924, -0.9998885989189148, 0.008558740839362144, 1.49491286277771],
                                [0.0, 0.0, 0.0, 1.0]
                            ],
                            [
                                [-0.8439797163009644, 0.01645551435649395, 0.5361226201057434, 1.580825686454773],
                                [-0.5361413955688477, 0.003621074603870511, -0.844120442867279, -0.4990787208080292],
                                [-0.015831775963306427, -0.999858021736145, 0.005766368471086025, 1.517493724822998],
                                [0.0, 0.0, 0.0, 1.0]
                            ],
                            [
                                [-0.9237360954284668, -0.002603030065074563, -0.3830206096172333, 1.059451699256897],
                                [0.3830243647098541, -0.011446056887507439, -0.923667311668396, -0.46720296144485474],
                                [-0.0019797419663518667, -0.9999310970306396, 0.011570160277187824, 1.5505086183547974],
                                [0.0, 0.0, 0.0, 1.0]
                            ],
                            [
                                [0.00921541079878807, -0.006800496950745583, -0.9999344348907471, 0.05524611100554466],
                                [0.9998947978019714, 0.011264881119132042, 0.009138433262705803, 0.010788236744701862],
                                [0.011201996356248856, -0.9999133944511414, 0.0069035920314490795, 1.5679428577423096],
                                [0.0, 0.0, 0.0, 1.0]
                            ],
                            [
                                [0.9478787183761597, -0.0089232437312603, -0.3185064196586609, 1.0485204458236694],
                                [0.31862178444862366, 0.018789710476994514, 0.9476956725120544, 0.4830581247806549],
                                [-0.0024718763306736946, -0.9997836351394653, 0.020653506740927696, 1.5621016025543213],
                                [0.0, 0.0, 0.0, 1.0]
                            ]
                        ],
                        [
                            [
                                [0.8225460648536682, 0.006478320807218552, 0.568661630153656, 1.5752559900283813],
                                [-0.5686843395233154, 0.016434065997600555, 0.8223916888237, 0.5005193948745728],
                                [-0.004017705097794533, -0.999843955039978, 0.017201894894242287, 1.5069602727890015],
                                [0.0, 0.0, 0.0, 1.0]
                            ],
                            [
                                [0.010260207578539848, 0.008433448150753975, 0.9999117851257324, 1.7220057249069214],
                                [-0.9998725652694702, 0.012316255830228329, 0.010155927389860153, 0.004754533059895039],
                                [-0.01222951989620924, -0.9998885989189148, 0.008558740839362144, 1.49491286277771],
                                [0.0, 0.0, 0.0, 1.0]
                            ],
                            [
                                [-0.8439797163009644, 0.01645551435649395, 0.5361226201057434, 1.580825686454773],
                                [-0.5361413955688477, 0.003621074603870511, -0.844120442867279, -0.4990787208080292],
                                [-0.015831775963306427, -0.999858021736145, 0.005766368471086025, 1.517493724822998],
                                [0.0, 0.0, 0.0, 1.0]
                            ],
                            [
                                [-0.9237360954284668, -0.002603030065074563, -0.3830206096172333, 1.059451699256897],
                                [0.3830243647098541, -0.011446056887507439, -0.923667311668396, -0.46720296144485474],
                                [-0.0019797419663518667, -0.9999310970306396, 0.011570160277187824, 1.5505086183547974],
                                [0.0, 0.0, 0.0, 1.0]
                            ],
                            [
                                [0.00921541079878807, -0.006800496950745583, -0.9999344348907471, 0.05524611100554466],
                                [0.9998947978019714, 0.011264881119132042, 0.009138433262705803, 0.010788236744701862],
                                [0.011201996356248856, -0.9999133944511414, 0.0069035920314490795, 1.5679428577423096],
                                [0.0, 0.0, 0.0, 1.0]
                            ],
                            [
                                [0.9478787183761597, -0.0089232437312603, -0.3185064196586609, 1.0485204458236694],
                                [0.31862178444862366, 0.018789710476994514, 0.9476956725120544, 0.4830581247806549],
                                [-0.0024718763306736946, -0.9997836351394653, 0.020653506740927696, 1.5621016025543213],
                                [0.0, 0.0, 0.0, 1.0]
                            ]
                        ],
                        [
                            [
                                [0.8225460648536682, 0.006478320807218552, 0.568661630153656, 1.5752559900283813],
                                [-0.5686843395233154, 0.016434065997600555, 0.8223916888237, 0.5005193948745728],
                                [-0.004017705097794533, -0.999843955039978, 0.017201894894242287, 1.5069602727890015],
                                [0.0, 0.0, 0.0, 1.0]
                            ],
                            [
                                [0.010260207578539848, 0.008433448150753975, 0.9999117851257324, 1.7220057249069214],
                                [-0.9998725652694702, 0.012316255830228329, 0.010155927389860153, 0.004754533059895039],
                                [-0.01222951989620924, -0.9998885989189148, 0.008558740839362144, 1.49491286277771],
                                [0.0, 0.0, 0.0, 1.0]
                            ],
                            [
                                [-0.8439797163009644, 0.01645551435649395, 0.5361226201057434, 1.580825686454773],
                                [-0.5361413955688477, 0.003621074603870511, -0.844120442867279, -0.4990787208080292],
                                [-0.015831775963306427, -0.999858021736145, 0.005766368471086025, 1.517493724822998],
                                [0.0, 0.0, 0.0, 1.0]
                            ],
                            [
                                [-0.9237360954284668, -0.002603030065074563, -0.3830206096172333, 1.059451699256897],
                                [0.3830243647098541, -0.011446056887507439, -0.923667311668396, -0.46720296144485474],
                                [-0.0019797419663518667, -0.9999310970306396, 0.011570160277187824, 1.5505086183547974],
                                [0.0, 0.0, 0.0, 1.0]
                            ],
                            [
                                [0.00921541079878807, -0.006800496950745583, -0.9999344348907471, 0.05524611100554466],
